cantidad de dígitos 1digbyte 2digbyte base256
5000 0.0190 0.0095 0.0079   
10000 0.0381 0.0190 0.0158 
20000 0.0762 0.0381 0.0316   
30000 0.1144 0.0572 0.0475
40000 0.1525 0.0762 0.0633   
50000 0.1907 0.0953 0.0792  
60000 0.2288 0.1144 0.0950  
70000 0.2670 0.1335 0.1108  
80000 0.3051 0.1525 0.1267  
90000 0.3433 0.1716 0.1425  
100000 0.3814 0.1907 0.1584    
120000 0.4577 0.2288 0.1900
150000 0.5722 0.2861 0.2376
200000 0.7629 0.3814 0.3168    
230000 0.8773 0.4386 0.3643   
250000 0.9536 0.4768 0.3960
280000 1.0681 0.5340 0.4435   
300000 1.1444 0.5722 0.4752 
320000 1.2207 0.6103 0.5068  
350000 1.3351 0.6675 0.5544  
380000 1.4495 0.7247 0.6019
400000 1.5258 0.7629 0.6336 
450000 1.7166 0.8583 0.7128 
500000 1.9073 0.9536 0.7920   