cantidad de dígitos 1digbyte 2digbyte base256
5000 0.1360 0.3352 0.1224    
10000 0.4998 1.2743 0.0493 
20000 1.8307 4.9666 0.1600 
30000 4.0706 11.0947 0.3670 
40000 7.2124 19.7359 0.6491 
50000 11.2254 30.6788 1.0090      
60000 16.1924 44.1401 1.4533   
70000 22.0782 60.3575 1.9858  
80000 28.9025 78.5081 2.5846 
90000 36.3059 99.4812 3.2779  
100000 44.8451 122.6952 4.0378 
120000 65.1316 176.8719 5.7486 
150000 101.1173 276.0161 9.1014
200000 180.6010 490.8391 16.1588         
230000 238.7511 650.1678 21.3344  
250000 281.5876 768.2852 25.0086
280000 352.9986 964.3147 31.4320  
300000 405.0394 1104.9092 36.1054
320000 463.0276 1259.6265 40.9514
350000 551.9522 1501.8240 49.4579  
380000 650.6442 1776.6620 58.0719
400000 722.6849 1965.6642 64.2036
450000 912.1957 2487.7800 81.5635 
500000 1130.8910 3082.0130 100.4426 